0 0 0 0
0.0883226 -0.239471 0 0
0.528617 0.0812937 0 0
2.84082 0.129223 0 0
4.37131 -0.118435 0 0
4.71669 -0.00101474 0 0
6.13249 -0.0214316 0 0
6.48973 0.209609 0 0
7.39405 0.0272301 0 0
8.44601 -0.132717 0 1
8.81907 -0.0917005 0 0
9.44129 0.117412 0 0
10.5354 -0.243728 0 0
10.7608 -0.0586489 0 0
12.0949 0.130642 0 0
12.178 -0.160688 0 0
12.849 0.211898 0 0
13.6979 -0.193556 0 0
14.7617 0.16525 0 1
15.4854 -0.0405667 0 0
16.573 0.0457701 0 0
16.9184 0.155545 0 0
17.7634 -0.130154 0 0
17.9703 -0.163343 0 0
18.5148 0.216384 0 0
18.5266 0.241333 0 0
19.017 0.00113681 0 0
24.0382 -0.129559 0 1
24.1938 0.0494781 0 0
25.7348 0.0890301 0 0
25.9181 0.071543 0 0
26.7143 -0.151028 0 0
27.8216 -0.00852229 0 0
29.3653 0.0426115 0 0
29.5446 -0.205733 0 0
29.8886 -0.0793863 0 0
30.2722 -0.107494 0 1
31.5522 0.0725959 0 0
32.3946 -0.209899 0 0
33.2462 -0.129559 0 0
33.7498 0.152524 0 0
34.4247 -0.222488 0 0
36.3573 0.179075 0 0
36.9267 0.161451 0 0
37.0994 0.205672 0 0
37.5186 -0.0380947 0 1
38.8764 0.068247 0 0
39.38 -0.0456938 0 0
40.7787 -0.0508209 0 0
42.195 0 0 0
